ans =

   0.9995631   0.0014653
   0.9995694   0.0014426

ans =

   0.9995637   0.0014563
   0.9995700   0.0014339

ans =

   0.9995655   0.0014297
   0.9995716   0.0014082

ans =

   0.9995708   0.0013529
   0.9995764   0.0013339

ans =

   0.9995860   0.0011472
   0.9995905   0.0011337

ans =

  9.9960e-001  9.5698e-004
  9.9961e-001  9.4755e-004

ans =

   0.9995958   0.0010264
   0.9995998   0.0010156

Iteration   107 | Cost: 3.298127e-002